Run 2
0, 100000000, 0, 1, 0, coolFactor='0.003', startTemp='1000'
7.357847690582275, 7.357847690582275, 1, 1, 900.0, coolFactor='0.003', startTemp='1000'
10.627634525299072, 3.269786834716797, 1, 1, 900.0, coolFactor='0.006', startTemp='500'
11.64956259727478, 1.021928071975708, 1, 1, 900.0, coolFactor='0.021', startTemp='1000'
13.412380262298583, 0.7308976650238037, 1, 1, 900.0, coolFactor='0.03', startTemp='750'
44.05507399421692, 15.31635069847107, 2, 1, 900.0, coolFactor='0.03', startTemp='750'
109.9149659897613, 14.27795684337616, 2, 1, 900.0, coolFactor='0.03', startTemp='500'
117.80867445724482, 12.149874051411947, 3, 1, 900.0, coolFactor='0.03', startTemp='500'
118.64252603309626, 9.32086843252182, 4, 1, 900.0, coolFactor='0.03', startTemp='500'
198.02723205345148, 23.3336359500885, 5, 1, 900.0, coolFactor='0.03', startTemp='500'
199.05841505783076, 19.616560459136963, 6, 1, 900.0, coolFactor='0.03', startTemp='500'
209.66557920234675, 18.329503842762538, 7, 1, 900.0, coolFactor='0.03', startTemp='500'
210.47114932792658, 16.1390121281147, 8, 1, 900.0, coolFactor='0.03', startTemp='500'
342.73229161315896, 15.561756663852268, 9, 1, 900.0, coolFactor='0.03', startTemp='500'
371.31805125289895, 16.86415696144104, 10, 1, 900.0, coolFactor='0.03', startTemp='500'
379.3181189637754, 16.05833066593517, 11, 1, 900.0, coolFactor='0.03', startTemp='500'
379.9955150228117, 14.77658611536026, 12, 1, 900.0, coolFactor='0.03', startTemp='500'
381.1496714692686, 13.728706910060001, 13, 1, 900.0, coolFactor='0.03', startTemp='500'
457.4912311177824, 18.201053534235275, 14, 1, 900.0, coolFactor='0.03', startTemp='500'
465.52307358795144, 17.523106129964194, 15, 1, 900.0, coolFactor='0.03', startTemp='500'
494.12453237586953, 18.21550317108631, 16, 1, 900.0, coolFactor='0.03', startTemp='500'
495.2507604699705, 17.210251695969525, 17, 1, 900.0, coolFactor='0.03', startTemp='500'
505.87690630966165, 16.844468037287395, 18, 1, 900.0, coolFactor='0.03', startTemp='500'
505.87690630966165, 16.844468037287395, 18, 1, 900.0, coolFactor='0.03', startTemp='500'
1186.9495675171659, 15.993025779724121, 19, 2, 900.0, coolFactor='0.03', startTemp='500'
1263.0579168404386, 18.99879195690155, 20, 2, 900.0, coolFactor='0.03', startTemp='500'
1263.8880812729642, 18.133619217645553, 21, 2, 900.0, coolFactor='0.03', startTemp='500'
1334.4610046332548, 17.3663744059476, 22, 2, 900.0, coolFactor='0.03', startTemp='500'
1335.1629194205473, 16.641832683397375, 23, 2, 900.0, coolFactor='0.03', startTemp='500'
1411.2259143775175, 19.117714444796245, 24, 2, 900.0, coolFactor='0.03', startTemp='500'
1411.2259143775175, 19.117714444796245, 24, 2, 900.0, coolFactor='0.03', startTemp='500'
1773.0955611466977, 18.785457935333252, 25, 3, 900.0, coolFactor='0.03', startTemp='500'
1983.6743034137723, 18.094907760620117, 26, 3, 900.0, coolFactor='0.03', startTemp='500'
1991.5256952060697, 17.715518280311866, 27, 3, 900.0, coolFactor='0.03', startTemp='500'
2019.94948637619, 18.097956597805023, 28, 3, 900.0, coolFactor='0.03', startTemp='500'
2020.627364040756, 17.497264220796783, 29, 3, 900.0, coolFactor='0.03', startTemp='500'
2028.545361639404, 17.177955333391825, 30, 3, 900.0, coolFactor='0.03', startTemp='500'
2029.6124404682157, 16.65824963969569, 31, 3, 900.0, coolFactor='0.03', startTemp='500'
2108.0787123455048, 18.589750334620476, 32, 3, 900.0, coolFactor='0.03', startTemp='500'
2108.9453607810974, 18.05268664071054, 33, 3, 900.0, coolFactor='0.03', startTemp='500'
2137.358218552017, 18.35739755630493, 34, 3, 900.0, coolFactor='0.03', startTemp='500'
2137.358218552017, 18.35739755630493, 34, 3, 900.0, coolFactor='0.03', startTemp='500'
3385.1345378633114, 18.133962195260185, 35, 4, 900.0, coolFactor='0.03', startTemp='500'
3385.784380363998, 17.64829220374425, 36, 4, 900.0, coolFactor='0.03', startTemp='500'
3562.372888448944, 17.9040709379557, 37, 4, 900.0, coolFactor='0.03', startTemp='500'
3572.7685066492463, 17.706480076438503, 38, 4, 900.0, coolFactor='0.03', startTemp='500'
3573.5850509436036, 17.27340479997488, 39, 4, 900.0, coolFactor='0.03', startTemp='500'
3574.7036732466127, 16.869535237550735, 40, 4, 900.0, coolFactor='0.03', startTemp='500'
3649.4156798155213, 18.28032722124239, 41, 4, 900.0, coolFactor='0.03', startTemp='500'
3657.207528236618, 18.030601535524642, 42, 4, 900.0, coolFactor='0.03', startTemp='500'
3657.207528236618, 18.030601535524642, 42, 4, 900.0, coolFactor='0.03', startTemp='500'
3670.7090669901277, 17.630082590635432, 43, 5, 900.0, coolFactor='0.03', startTemp='500'
4106.938600942535, 17.87232311747291, 44, 5, 900.0, coolFactor='0.03', startTemp='500'
4181.6642569750975, 19.135730515586005, 45, 5, 900.0, coolFactor='0.03', startTemp='500'
4191.867920801086, 18.941555152768675, 46, 5, 900.0, coolFactor='0.03', startTemp='500'
4192.546580478592, 18.552982908614137, 47, 5, 900.0, coolFactor='0.03', startTemp='500'
4200.249948427124, 18.32694926361243, 48, 5, 900.0, coolFactor='0.03', startTemp='500'
4201.361376687927, 17.975612100289794, 49, 5, 900.0, coolFactor='0.03', startTemp='500'
4211.668148443146, 17.822235293388367, 50, 5, 900.0, coolFactor='0.03', startTemp='500'
4212.883500263138, 17.49661012724334, 51, 5, 900.0, coolFactor='0.03', startTemp='500'
4241.007816478653, 17.700989090479336, 52, 5, 900.0, coolFactor='0.03', startTemp='500'
4314.457531139297, 18.75285183708623, 53, 5, 900.0, coolFactor='0.03', startTemp='500'
4322.272579833908, 18.55029992704038, 54, 5, 900.0, coolFactor='0.03', startTemp='500'
4322.272579833908, 18.55029992704038, 54, 5, 900.0, coolFactor='0.03', startTemp='500'
4837.859585715103, 18.22811572334983, 55, 6, 900.0, coolFactor='0.03', startTemp='500'
5162.913293540573, 17.914384041513717, 56, 6, 900.0, coolFactor='0.03', startTemp='500'
5164.146888434982, 17.621738617880304, 57, 6, 900.0, coolFactor='0.03', startTemp='500'
5164.972931802368, 17.33215766528557, 58, 6, 900.0, coolFactor='0.03', startTemp='500'
5172.845125377274, 17.171819290872346, 59, 6, 900.0, coolFactor='0.03', startTemp='500'
5183.326914727783, 17.0603187918663, 60, 6, 900.0, coolFactor='0.03', startTemp='500'
5210.962866246796, 17.233689820180174, 61, 6, 900.0, coolFactor='0.03', startTemp='500'
5286.5480057598115, 18.174842234580748, 62, 6, 900.0, coolFactor='0.03', startTemp='500'
5287.218348205185, 17.89699303157746, 63, 6, 900.0, coolFactor='0.03', startTemp='500'
5295.066476523972, 17.7399795204401, 64, 6, 900.0, coolFactor='0.03', startTemp='500'
5370.894817054367, 18.633646612900954, 65, 6, 900.0, coolFactor='0.03', startTemp='500'
5371.56514948616, 18.361475185914472, 66, 6, 900.0, coolFactor='0.03', startTemp='500'
5371.56514948616, 18.361475185914472, 66, 6, 900.0, coolFactor='0.03', startTemp='500'
5957.07116618721, 18.500402656953725, 67, 7, 900.0, coolFactor='0.03', startTemp='500'
5957.907743364258, 18.240640517543344, 68, 7, 900.0, coolFactor='0.03', startTemp='500'
5968.357382684631, 18.127727456714798, 69, 7, 900.0, coolFactor='0.03', startTemp='500'
5969.5058235224915, 17.885166219302587, 70, 7, 900.0, coolFactor='0.03', startTemp='500'
5970.77469888298, 17.65113395368549, 71, 7, 900.0, coolFactor='0.03', startTemp='500'
5971.603412061615, 17.417489220698673, 72, 7, 900.0, coolFactor='0.03', startTemp='500'
6174.422011681824, 17.28527942422318, 73, 7, 900.0, coolFactor='0.03', startTemp='500'
6184.779007264405, 17.191653966903687, 74, 7, 900.0, coolFactor='0.03', startTemp='500'
6258.657969065934, 17.947484738032024, 75, 7, 900.0, coolFactor='0.03', startTemp='500'
6259.308182545929, 17.719889063584176, 76, 7, 900.0, coolFactor='0.03', startTemp='500'
6259.308182545929, 17.719889063584176, 76, 7, 900.0, coolFactor='0.03', startTemp='500'
6928.968730739212, 17.84571533079271, 77, 8, 900.0, coolFactor='0.03', startTemp='500'
6940.589982083893, 17.765914510457943, 78, 8, 900.0, coolFactor='0.03', startTemp='500'
6948.185618928528, 17.6371768184855, 79, 8, 900.0, coolFactor='0.03', startTemp='500'
6948.985274604416, 17.426707804203033, 80, 8, 900.0, coolFactor='0.03', startTemp='500'
6979.247588087693, 17.549368222554524, 81, 8, 900.0, coolFactor='0.03', startTemp='500'
7052.246659685746, 18.225584117377675, 82, 8, 900.0, coolFactor='0.03', startTemp='500'
7053.271048475876, 18.018340800181928, 83, 8, 900.0, coolFactor='0.03', startTemp='500'
7053.932890106812, 17.811715810071853, 84, 8, 900.0, coolFactor='0.03', startTemp='500'
7053.932890106812, 17.811715810071853, 84, 8, 900.0, coolFactor='0.03', startTemp='500'
7564.846517386857, 17.69261074627147, 85, 9, 900.0, coolFactor='0.03', startTemp='500'
7565.866837087098, 17.498746896899025, 86, 9, 900.0, coolFactor='0.03', startTemp='500'
7566.524962010804, 17.30517652939106, 87, 9, 900.0, coolFactor='0.03', startTemp='500'
7729.3223617058575, 17.94658539782871, 88, 9, 900.0, coolFactor='0.03', startTemp='500'
7739.845554826814, 17.86317649584138, 89, 9, 900.0, coolFactor='0.03', startTemp='500'
7739.845554826814, 17.86317649584138, 89, 9, 900.0, coolFactor='0.03', startTemp='500'
10122.592775946734, 17.966409039497375, 90, 10, 900.0, coolFactor='0.03', startTemp='500'
10280.091261495592, 17.777779851640975, 91, 10, 900.0, coolFactor='0.03', startTemp='500'
10281.29504143143, 17.597627678643104, 92, 10, 900.0, coolFactor='0.03', startTemp='500'
10291.632898916247, 17.519565633548204, 93, 10, 900.0, coolFactor='0.03', startTemp='500'
10292.287713397982, 17.34015338725232, 94, 10, 900.0, coolFactor='0.03', startTemp='500'
10367.399344314577, 17.94827420335067, 95, 10, 900.0, coolFactor='0.03', startTemp='500'
10375.009667266848, 17.840587211151917, 96, 10, 900.0, coolFactor='0.03', startTemp='500'
10375.805136550905, 17.66486434592414, 97, 10, 900.0, coolFactor='0.03', startTemp='500'
10375.805136550905, 17.66486434592414, 97, 10, 900.0, coolFactor='0.03', startTemp='500'
10782.272792028354, 17.759766320792995, 98, 11, 900.0, coolFactor='0.03', startTemp='500'
10789.980054305957, 17.65822587591229, 99, 11, 900.0, coolFactor='0.03', startTemp='500'
10866.071101354526, 18.242554087638855, 100, 11, 900.0, coolFactor='0.03', startTemp='500'
10866.875522540973, 18.069899306438938, 101, 11, 900.0, coolFactor='0.03', startTemp='500'
10893.913329528736, 18.157819969981325, 102, 11, 900.0, coolFactor='0.03', startTemp='500'
10904.298241065906, 18.082354839565685, 103, 11, 900.0, coolFactor='0.03', startTemp='500'
10905.516692089008, 17.920201918253532, 104, 11, 900.0, coolFactor='0.03', startTemp='500'
11047.623513449405, 17.755718058631533, 105, 11, 900.0, coolFactor='0.03', startTemp='500'
11048.732876528476, 17.5986769739187, 106, 11, 900.0, coolFactor='0.03', startTemp='500'
11056.36266826508, 17.505509822168083, 107, 11, 900.0, coolFactor='0.03', startTemp='500'
11066.881262768482, 17.440816161809146, 108, 11, 900.0, coolFactor='0.03', startTemp='500'
11066.881262768482, 17.440816161809146, 108, 11, 900.0, coolFactor='0.03', startTemp='500'
11734.133455184408, 17.532819124536775, 109, 12, 900.0, coolFactor='0.03', startTemp='500'
11734.928691533514, 17.38065928112377, 110, 12, 900.0, coolFactor='0.03', startTemp='500'
11809.614200738379, 17.896919190346658, 111, 12, 900.0, coolFactor='0.03', startTemp='500'
11810.262216237494, 17.742911121674947, 112, 12, 900.0, coolFactor='0.03', startTemp='500'
11837.915299800345, 17.8306117627473, 113, 12, 900.0, coolFactor='0.03', startTemp='500'
11883.963821035773, 17.681214648380614, 114, 12, 900.0, coolFactor='0.03', startTemp='500'
11891.74514375344, 17.5951286315918, 115, 12, 900.0, coolFactor='0.03', startTemp='500'
11901.904778343589, 17.531029545027636, 116, 12, 900.0, coolFactor='0.03', startTemp='500'
11976.672736984641, 18.020234067215878, 117, 12, 900.0, coolFactor='0.03', startTemp='500'
11977.319129806907, 17.872998124462065, 118, 12, 900.0, coolFactor='0.03', startTemp='500'
11978.413984161765, 17.732005319675476, 119, 12, 900.0, coolFactor='0.03', startTemp='500'
11986.098022562415, 17.64827226201693, 120, 12, 900.0, coolFactor='0.03', startTemp='500'
11986.754475218208, 17.507844000808465, 121, 12, 900.0, coolFactor='0.03', startTemp='500'
12014.213193756492, 17.58940854619761, 122, 12, 900.0, coolFactor='0.03', startTemp='500'
12015.31546960488, 17.45536681694713, 123, 12, 900.0, coolFactor='0.03', startTemp='500'
12015.31546960488, 17.45536681694713, 123, 12, 900.0, coolFactor='0.03', startTemp='500'
12166.343279463203, 17.32115859754624, 124, 13, 900.0, coolFactor='0.03', startTemp='500'
12327.922134270942, 17.774875930786134, 125, 13, 900.0, coolFactor='0.03', startTemp='500'
12338.492679229057, 17.717698700844295, 126, 13, 900.0, coolFactor='0.03', startTemp='500'
12365.405673852241, 17.79010260574461, 127, 13, 900.0, coolFactor='0.03', startTemp='500'
12373.123833051002, 17.71141554787755, 128, 13, 900.0, coolFactor='0.03', startTemp='500'
12383.481112113273, 17.654406737911607, 129, 13, 900.0, coolFactor='0.03', startTemp='500'
12456.352907290733, 18.079155879754286, 130, 13, 900.0, coolFactor='0.03', startTemp='500'
12456.99868570832, 17.946076662485837, 131, 13, 900.0, coolFactor='0.03', startTemp='500'
12458.099720349586, 17.818462707779624, 132, 13, 900.0, coolFactor='0.03', startTemp='500'
12458.89588653115, 17.690475515853194, 133, 13, 900.0, coolFactor='0.03', startTemp='500'
12466.569670310295, 17.615724084982233, 134, 13, 900.0, coolFactor='0.03', startTemp='500'
12466.569670310295, 17.615724084982233, 134, 13, 900.0, coolFactor='0.03', startTemp='500'
12909.180070418708, 17.56175782945421, 135, 14, 900.0, coolFactor='0.03', startTemp='500'
13260.866258248452, 17.440032976515152, 136, 14, 900.0, coolFactor='0.03', startTemp='500'
13261.525430783395, 17.317544944094916, 137, 14, 900.0, coolFactor='0.03', startTemp='500'
13262.32628498948, 17.19785877932673, 138, 14, 900.0, coolFactor='0.03', startTemp='500'
13336.247059687737, 17.605937311117597, 139, 14, 900.0, coolFactor='0.03', startTemp='500'
13364.187063798074, 17.67975207396916, 140, 14, 900.0, coolFactor='0.03', startTemp='500'
13391.58589778817, 17.74868173294879, 141, 14, 900.0, coolFactor='0.03', startTemp='500'
13466.804699525002, 18.15340088790571, 142, 14, 900.0, coolFactor='0.03', startTemp='500'
13474.569904193047, 18.080756159095497, 143, 14, 900.0, coolFactor='0.03', startTemp='500'
13475.674851998452, 17.962868601083755, 144, 14, 900.0, coolFactor='0.03', startTemp='500'
13486.127491816644, 17.911073919822428, 145, 14, 900.0, coolFactor='0.03', startTemp='500'
13486.127491816644, 17.911073919822428, 145, 14, 900.0, coolFactor='0.03', startTemp='500'
15474.572948201838, 17.793813618895125, 146, 15, 900.0, coolFactor='0.03', startTemp='500'
15475.22844766015, 17.677226447734704, 147, 15, 900.0, coolFactor='0.03', startTemp='500'
15635.025988603984, 17.56606915673694, 148, 15, 900.0, coolFactor='0.03', startTemp='500'
15635.68755343095, 17.452616107543843, 149, 15, 900.0, coolFactor='0.03', startTemp='500'
15709.247909332667, 17.826667706171673, 150, 15, 900.0, coolFactor='0.03', startTemp='500'
15738.230593468104, 17.90054860967674, 151, 15, 900.0, coolFactor='0.03', startTemp='500'
15739.011777664577, 17.78792121222145, 152, 15, 900.0, coolFactor='0.03', startTemp='500'
15739.011777664577, 17.78792121222145, 152, 15, 900.0, coolFactor='0.03', startTemp='500'
18126.971487747356, 17.739936887828353, 153, 16, 900.0, coolFactor='0.03', startTemp='500'
18236.698300442516, 17.67444166579804, 154, 16, 900.0, coolFactor='0.03', startTemp='500'
18244.30626567346, 17.6094966565409, 155, 16, 900.0, coolFactor='0.03', startTemp='500'
18245.515637001812, 17.504367648026882, 156, 16, 900.0, coolFactor='0.03', startTemp='500'
18246.165564379513, 17.39701452528595, 157, 16, 900.0, coolFactor='0.03', startTemp='500'
18272.96442516786, 17.456519881381265, 158, 16, 900.0, coolFactor='0.03', startTemp='500'
18346.423652968228, 17.808738170179932, 159, 16, 900.0, coolFactor='0.03', startTemp='500'
18356.76581867677, 17.762072092294694, 160, 16, 900.0, coolFactor='0.03', startTemp='500'
18357.55814321977, 17.656669933603418, 161, 16, 900.0, coolFactor='0.03', startTemp='500'
18358.655709347546, 17.554453243443994, 162, 16, 900.0, coolFactor='0.03', startTemp='500'
18385.541238865673, 17.611699110159844, 163, 16, 900.0, coolFactor='0.03', startTemp='500'
18385.541238865673, 17.611699110159844, 163, 16, 900.0, coolFactor='0.03', startTemp='500'
18395.789669833004, 17.56680113367918, 164, 17, 900.0, coolFactor='0.03', startTemp='500'
18510.79219625787, 17.464358680898492, 165, 17, 900.0, coolFactor='0.03', startTemp='500'
18518.501617177288, 17.405593995588372, 166, 17, 900.0, coolFactor='0.03', startTemp='500'
18519.309277280132, 17.306205169883317, 167, 17, 900.0, coolFactor='0.03', startTemp='500'
18595.067273362438, 17.654132496742974, 168, 17, 900.0, coolFactor='0.03', startTemp='500'
18605.345631106655, 17.610488859154064, 169, 17, 900.0, coolFactor='0.03', startTemp='500'
18680.226809485714, 17.94737526809468, 170, 17, 900.0, coolFactor='0.03', startTemp='500'
18687.912175401012, 17.887363517493533, 171, 17, 900.0, coolFactor='0.03', startTemp='500'
18689.13927529649, 17.790501519691112, 172, 17, 900.0, coolFactor='0.03', startTemp='500'
18689.78655169801, 17.691407732880872, 173, 17, 900.0, coolFactor='0.03', startTemp='500'
18690.57211230592, 17.594247691932765, 174, 17, 900.0, coolFactor='0.03', startTemp='500'
18717.944467290203, 17.6501225907462, 175, 17, 900.0, coolFactor='0.03', startTemp='500'
18728.43964002923, 17.609469466588713, 176, 17, 900.0, coolFactor='0.03', startTemp='500'
18728.43964002923, 17.609469466588713, 176, 17, 900.0, coolFactor='0.03', startTemp='500'
19471.358987164545, 17.933109963681066, 177, 18, 900.0, coolFactor='0.03', startTemp='500'
19732.169431176153, 17.874983547778612, 178, 18, 900.0, coolFactor='0.03', startTemp='500'
19733.184475626913, 17.780793943884653, 179, 18, 900.0, coolFactor='0.03', startTemp='500'
19760.4379915857, 17.83342017730077, 180, 18, 900.0, coolFactor='0.03', startTemp='500'
19761.088354792562, 17.738486160889515, 181, 18, 900.0, coolFactor='0.03', startTemp='500'
19761.898912634817, 17.64547556573218, 182, 18, 900.0, coolFactor='0.03', startTemp='500'
19769.626590933767, 17.5912799522525, 183, 18, 900.0, coolFactor='0.03', startTemp='500'
19796.635171141592, 17.642460931902345, 184, 18, 900.0, coolFactor='0.03', startTemp='500'
19870.045818533865, 17.94391058844489, 185, 18, 900.0, coolFactor='0.03', startTemp='500'
19870.860796894995, 17.851819554964703, 186, 18, 900.0, coolFactor='0.03', startTemp='500'
19871.96931168076, 17.762283165824606, 187, 18, 900.0, coolFactor='0.03', startTemp='500'
19871.96931168076, 17.762283165824606, 187, 18, 900.0, coolFactor='0.03', startTemp='500'
20290.215543800667, 17.67125065783237, 188, 19, 900.0, coolFactor='0.03', startTemp='500'
20300.462436491325, 17.631968340545736, 189, 19, 900.0, coolFactor='0.03', startTemp='500'
20301.112624222114, 17.542590547862805, 190, 19, 900.0, coolFactor='0.03', startTemp='500'
20328.385018402412, 17.593531928137335, 191, 19, 900.0, coolFactor='0.03', startTemp='500'
20329.506177479103, 17.50773831953605, 192, 19, 900.0, coolFactor='0.03', startTemp='500'
20337.113393122032, 17.45644027457954, 193, 19, 900.0, coolFactor='0.03', startTemp='500'
20337.922962719276, 17.370631662840697, 194, 19, 900.0, coolFactor='0.03', startTemp='500'
20411.039395386055, 17.65650756542499, 195, 19, 900.0, coolFactor='0.03', startTemp='500'
20421.410551363304, 17.61933740426083, 196, 19, 900.0, coolFactor='0.03', startTemp='500'
20422.197573715523, 17.533894180646403, 197, 19, 900.0, coolFactor='0.03', startTemp='500'
20497.276194864586, 17.824524114830325, 198, 19, 900.0, coolFactor='0.03', startTemp='500'
20647.457897494285, 17.74057915342513, 199, 19, 900.0, coolFactor='0.03', startTemp='500'
20657.670647452323, 17.702940007448195, 200, 19, 900.0, coolFactor='0.03', startTemp='500'
20685.07819850251, 17.751221654426992, 201, 19, 900.0, coolFactor='0.03', startTemp='500'
20692.907268593757, 17.702102092233034, 202, 19, 900.0, coolFactor='0.03', startTemp='500'
20693.556298325508, 17.61809680966908, 203, 19, 900.0, coolFactor='0.03', startTemp='500'
20721.05032951638, 17.666508252714195, 204, 19, 900.0, coolFactor='0.03', startTemp='500'
20722.288689921348, 17.586370946139823, 205, 19, 900.0, coolFactor='0.03', startTemp='500'
20723.080354283302, 17.50484324427484, 206, 19, 900.0, coolFactor='0.03', startTemp='500'
20723.733440468757, 17.42343378988441, 207, 19, 900.0, coolFactor='0.03', startTemp='500'
20731.44977385804, 17.37676503795844, 208, 19, 900.0, coolFactor='0.03', startTemp='500'
20731.44977385804, 17.37676503795844, 208, 19, 900.0, coolFactor='0.03', startTemp='500'
21820.180406516807, 17.342800600106635, 209, 20, 900.0, coolFactor='0.03', startTemp='500'
21893.88366050126, 17.611183711460658, 210, 20, 900.0, coolFactor='0.03', startTemp='500'
21894.675248807685, 17.53146998916192, 211, 20, 900.0, coolFactor='0.03', startTemp='500'
21968.062162107246, 17.79493906138078, 212, 20, 900.0, coolFactor='0.03', startTemp='500'
21997.995666111456, 17.75943011745041, 213, 20, 900.0, coolFactor='0.03', startTemp='500'
21998.651421631323, 17.67950640437759, 214, 20, 900.0, coolFactor='0.03', startTemp='500'
21999.858581627355, 17.602890839687614, 215, 20, 900.0, coolFactor='0.03', startTemp='500'
22007.535133446203, 17.556935566442984, 216, 20, 900.0, coolFactor='0.03', startTemp='500'
22034.82908948754, 17.601806628539265, 217, 20, 900.0, coolFactor='0.03', startTemp='500'
22034.82908948754, 17.601806628539265, 217, 20, 900.0, coolFactor='0.03', startTemp='500'
22424.17005017983, 17.645989115085076, 218, 21, 900.0, coolFactor='0.03', startTemp='500'
22452.430936968085, 17.601290565647492, 219, 21, 900.0, coolFactor='0.03', startTemp='500'
22453.089898025748, 17.524279976974835, 220, 21, 900.0, coolFactor='0.03', startTemp='500'
22527.478303110358, 17.781583710493546, 221, 21, 900.0, coolFactor='0.03', startTemp='500'
22528.287261640784, 17.705130443916666, 222, 21, 900.0, coolFactor='0.03', startTemp='500'
22529.318856632468, 17.63036122664208, 223, 21, 900.0, coolFactor='0.03', startTemp='500'
22539.544309293982, 17.597303599119186, 224, 21, 900.0, coolFactor='0.03', startTemp='500'
22612.480262195822, 17.843253151575723, 225, 21, 900.0, coolFactor='0.03', startTemp='500'
22613.28491965508, 17.76786113523804, 226, 21, 900.0, coolFactor='0.03', startTemp='500'
22613.941759741065, 17.692482187884494, 227, 21, 900.0, coolFactor='0.03', startTemp='500'
22624.259521877524, 17.66013692450105, 228, 21, 900.0, coolFactor='0.03', startTemp='500'
22632.040051614997, 17.616994535038046, 229, 21, 900.0, coolFactor='0.03', startTemp='500'
22632.040051614997, 17.616994535038046, 229, 21, 900.0, coolFactor='0.03', startTemp='500'
24684.174298072285, 17.544859199938568, 230, 22, 900.0, coolFactor='0.03', startTemp='500'
24711.24671223206, 17.586104026604524, 231, 22, 900.0, coolFactor='0.03', startTemp='500'
24712.472145820087, 17.515583895403765, 232, 22, 900.0, coolFactor='0.03', startTemp='500'
24713.273957515186, 17.44385096750546, 233, 22, 900.0, coolFactor='0.03', startTemp='500'
24720.974036002583, 17.402210914171658, 234, 22, 900.0, coolFactor='0.03', startTemp='500'
24731.276170754856, 17.371997824121028, 235, 22, 900.0, coolFactor='0.03', startTemp='500'
24731.934489512867, 17.30117715011209, 236, 22, 900.0, coolFactor='0.03', startTemp='500'
24759.513706708378, 17.34454440768761, 237, 22, 900.0, coolFactor='0.03', startTemp='500'
24962.309674015276, 17.579087147191792, 238, 22, 900.0, coolFactor='0.03', startTemp='500'
25035.751725187532, 17.81282339834269, 239, 22, 900.0, coolFactor='0.03', startTemp='500'
25036.760558834307, 17.742806774377822, 240, 22, 900.0, coolFactor='0.03', startTemp='500'
25036.760558834307, 17.742806774377822, 240, 22, 900.0, coolFactor='0.03', startTemp='500'
25443.42320271988, 17.782056545320884, 241, 23, 900.0, coolFactor='0.03', startTemp='500'
25444.08406731148, 17.711307818239387, 242, 23, 900.0, coolFactor='0.03', startTemp='500'
25451.76458879967, 17.670028862148644, 243, 23, 900.0, coolFactor='0.03', startTemp='500'
25462.244796958163, 17.640562383854977, 244, 23, 900.0, coolFactor='0.03', startTemp='500'
25656.914021796496, 17.571794698676285, 245, 23, 900.0, coolFactor='0.03', startTemp='500'
25683.823137587817, 17.609751288483782, 246, 23, 900.0, coolFactor='0.03', startTemp='500'
25694.2648182576, 17.580730759663137, 247, 23, 900.0, coolFactor='0.03', startTemp='500'
25695.05600506714, 17.513030985670706, 248, 23, 900.0, coolFactor='0.03', startTemp='500'
25696.1575310891, 17.447121327181897, 249, 23, 900.0, coolFactor='0.03', startTemp='500'
25769.794656819613, 17.671881344795228, 250, 23, 900.0, coolFactor='0.03', startTemp='500'
25777.37467367104, 17.631674713347536, 251, 23, 900.0, coolFactor='0.03', startTemp='500'
25778.031107014926, 17.564312644421108, 252, 23, 900.0, coolFactor='0.03', startTemp='500'
25778.829930609973, 17.49804588928524, 253, 23, 900.0, coolFactor='0.03', startTemp='500'
25779.47971565178, 17.431714153665258, 254, 23, 900.0, coolFactor='0.03', startTemp='500'
25807.023595160754, 17.471369704078224, 255, 23, 900.0, coolFactor='0.03', startTemp='500'
25807.023595160754, 17.471369704078224, 255, 23, 900.0, coolFactor='0.03', startTemp='500'
26833.578617461397, 17.407024931162596, 256, 24, 900.0, coolFactor='0.03', startTemp='500'
26841.161756642534, 17.368799694781174, 257, 24, 900.0, coolFactor='0.03', startTemp='500'
26915.587802775575, 17.589951812758926, 258, 24, 900.0, coolFactor='0.03', startTemp='500'
26925.92882884331, 17.561963682469255, 259, 24, 900.0, coolFactor='0.03', startTemp='500'
26927.128075011446, 17.499030153567976, 260, 24, 900.0, coolFactor='0.03', startTemp='500'
26953.931571372224, 17.53467944938104, 261, 24, 900.0, coolFactor='0.03', startTemp='500'
27027.864575751497, 17.749940231556202, 262, 24, 900.0, coolFactor='0.03', startTemp='500'
27028.525681622697, 17.68496367505295, 263, 24, 900.0, coolFactor='0.03', startTemp='500'
27036.249762900545, 17.64723305991202, 264, 24, 900.0, coolFactor='0.03', startTemp='500'
27046.717860587312, 17.620141983032227, 265, 24, 900.0, coolFactor='0.03', startTemp='500'
27099.458350061417, 17.55689780066784, 266, 24, 900.0, coolFactor='0.03', startTemp='500'
27126.867956279755, 17.59379933032204, 267, 24, 900.0, coolFactor='0.03', startTemp='500'
27126.867956279755, 17.59379933032204, 267, 24, 900.0, coolFactor='0.03', startTemp='500'
28535.155412936096, 17.8135311639131, 268, 25, 900.0, coolFactor='0.03', startTemp='500'
28612.05224819458, 17.784973070967155, 269, 25, 900.0, coolFactor='0.03', startTemp='500'
28612.852397873765, 17.722066317664254, 270, 25, 900.0, coolFactor='0.03', startTemp='500'
28620.63734336174, 17.685397975119276, 271, 25, 900.0, coolFactor='0.03', startTemp='500'
28620.63734336174, 17.685397975119276, 271, 25, 900.0, coolFactor='0.03', startTemp='500'
28640.054667189484, 17.622779464896986, 272, 26, 900.0, coolFactor='0.03', startTemp='500'
28714.553544415132, 17.562641507976657, 273, 26, 900.0, coolFactor='0.03', startTemp='500'
28724.926106346742, 17.536400341639553, 274, 26, 900.0, coolFactor='0.03', startTemp='500'
28725.728521717683, 17.47554948720065, 275, 26, 900.0, coolFactor='0.03', startTemp='500'
28726.94263757576, 17.416631249413975, 276, 26, 900.0, coolFactor='0.03', startTemp='500'
28727.626945627824, 17.35622575050657, 277, 26, 900.0, coolFactor='0.03', startTemp='500'
28754.512132538453, 17.390502589212048, 278, 26, 900.0, coolFactor='0.03', startTemp='500'
28828.028109682695, 17.591669164678102, 279, 26, 900.0, coolFactor='0.03', startTemp='500'
28835.666226519243, 17.556120763506208, 280, 26, 900.0, coolFactor='0.03', startTemp='500'
28836.882371557847, 17.49797138370229, 281, 26, 900.0, coolFactor='0.03', startTemp='500'
28910.385783327714, 17.696572236135495, 282, 26, 900.0, coolFactor='0.03', startTemp='500'
28937.214938057557, 17.728842845653897, 283, 26, 900.0, coolFactor='0.03', startTemp='500'
28937.214938057557, 17.728842845653897, 283, 26, 900.0, coolFactor='0.03', startTemp='500'
29248.630389895246, 17.693715954330607, 284, 27, 900.0, coolFactor='0.03', startTemp='500'
29259.01806303482, 17.668080716384086, 285, 27, 900.0, coolFactor='0.03', startTemp='500'
29259.812489237593, 17.609081924378454, 286, 27, 900.0, coolFactor='0.03', startTemp='500'
29260.46396776657, 17.549996198262072, 287, 27, 900.0, coolFactor='0.03', startTemp='500'
29334.195168700026, 17.74506982581483, 288, 27, 900.0, coolFactor='0.03', startTemp='500'
29344.402873244093, 17.71898897708906, 289, 27, 900.0, coolFactor='0.03', startTemp='500'
29345.514084067152, 17.66172077655792, 290, 27, 900.0, coolFactor='0.03', startTemp='500'
29346.170551266478, 17.60328347904166, 291, 27, 900.0, coolFactor='0.03', startTemp='500'
29372.977759804533, 17.63480377033965, 292, 27, 900.0, coolFactor='0.03', startTemp='500'
29373.774295534895, 17.57733527873563, 293, 27, 900.0, coolFactor='0.03', startTemp='500'
29394.90437825157, 17.543553909476923, 294, 27, 900.0, coolFactor='0.03', startTemp='500'
29395.550875501172, 17.486275751307858, 295, 27, 900.0, coolFactor='0.03', startTemp='500'
29403.336192445295, 17.453502241824125, 296, 27, 900.0, coolFactor='0.03', startTemp='500'
29477.721325950162, 17.645191235975787, 297, 27, 900.0, coolFactor='0.03', startTemp='500'
29478.52367980911, 17.58867164746227, 298, 27, 900.0, coolFactor='0.03', startTemp='500'
29488.814813928144, 17.56426516743408, 299, 27, 900.0, coolFactor='0.03', startTemp='500'
29490.03246410324, 17.50977645079295, 300, 27, 900.0, coolFactor='0.03', startTemp='500'
29517.03413517906, 17.541310984430915, 301, 27, 900.0, coolFactor='0.03', startTemp='500'
29517.85245092346, 17.48593682800697, 302, 27, 900.0, coolFactor='0.03', startTemp='500'
29519.065362052457, 17.432230472564697, 303, 27, 900.0, coolFactor='0.03', startTemp='500'
29529.277972297208, 17.40848172181531, 304, 27, 900.0, coolFactor='0.03', startTemp='500'
29529.277972297208, 17.40848172181531, 304, 27, 900.0, coolFactor='0.03', startTemp='500'
29695.82583840324, 17.439435378840713, 305, 28, 900.0, coolFactor='0.03', startTemp='500'
29696.47741206123, 17.384573085635317, 306, 28, 900.0, coolFactor='0.03', startTemp='500'
29718.735421208723, 17.352880401797712, 307, 28, 900.0, coolFactor='0.03', startTemp='500'
29794.265275267942, 17.541766679906225, 308, 28, 900.0, coolFactor='0.03', startTemp='500'
29795.38261774002, 17.488613203505484, 309, 28, 900.0, coolFactor='0.03', startTemp='500'
29822.664915589674, 17.520205734622095, 310, 28, 900.0, coolFactor='0.03', startTemp='500'
29830.28058841644, 17.488358361928025, 311, 28, 900.0, coolFactor='0.03', startTemp='500'
29830.926743296965, 17.434376940513268, 312, 28, 900.0, coolFactor='0.03', startTemp='500'
29831.721392897947, 17.381214872335853, 313, 28, 900.0, coolFactor='0.03', startTemp='500'
29906.683776645048, 17.564594391045297, 314, 28, 900.0, coolFactor='0.03', startTemp='500'
29917.15205147682, 17.54206639244443, 315, 28, 900.0, coolFactor='0.03', startTemp='500'
29917.15205147682, 17.54206639244443, 315, 28, 900.0, coolFactor='0.03', startTemp='500'
30698.23327351463, 17.72564483443393, 316, 29, 900.0, coolFactor='0.03', startTemp='500'
30698.88302636993, 17.671777667307328, 317, 29, 900.0, coolFactor='0.03', startTemp='500'
30709.091983088376, 17.648309676902098, 318, 29, 900.0, coolFactor='0.03', startTemp='500'
30710.136228569867, 17.596259318922755, 319, 29, 900.0, coolFactor='0.03', startTemp='500'
30710.922957667233, 17.54372953698039, 320, 29, 900.0, coolFactor='0.03', startTemp='500'
30738.131200560452, 17.573837055224125, 321, 29, 900.0, coolFactor='0.03', startTemp='500'
30745.95710922134, 17.5435639856765, 322, 29, 900.0, coolFactor='0.03', startTemp='500'
30756.296243914487, 17.521259251024702, 323, 29, 900.0, coolFactor='0.03', startTemp='500'
30756.979908713223, 17.4692913669127, 324, 29, 900.0, coolFactor='0.03', startTemp='500'
30764.729532488705, 17.439384697400605, 325, 29, 900.0, coolFactor='0.03', startTemp='500'
30931.45390561958, 17.62334141116932, 326, 29, 900.0, coolFactor='0.03', startTemp='500'
30932.24787596603, 17.571875444610548, 327, 29, 900.0, coolFactor='0.03', startTemp='500'
30933.264220274883, 17.521401264318605, 328, 29, 900.0, coolFactor='0.03', startTemp='500'
30933.264220274883, 17.521401264318605, 328, 29, 900.0, coolFactor='0.03', startTemp='500'
31493.409545212548, 17.550811243636993, 329, 30, 900.0, coolFactor='0.03', startTemp='500'
31522.465256958763, 17.585674578493293, 330, 30, 900.0, coolFactor='0.03', startTemp='500'
31523.121697693627, 17.53452885691133, 331, 30, 900.0, coolFactor='0.03', startTemp='500'
31631.023702914958, 17.513042288372315, 332, 30, 900.0, coolFactor='0.03', startTemp='500'
31638.750643785243, 17.483654596426106, 333, 30, 900.0, coolFactor='0.03', startTemp='500'
31639.559299285655, 17.433729449432054, 334, 30, 900.0, coolFactor='0.03', startTemp='500'
31640.77130299354, 17.38530638751699, 335, 30, 900.0, coolFactor='0.03', startTemp='500'
31715.874377782588, 17.55708546014059, 336, 30, 900.0, coolFactor='0.03', startTemp='500'
31726.12928229118, 17.53541726740602, 337, 30, 900.0, coolFactor='0.03', startTemp='500'
31726.927376325373, 17.485898559615457, 338, 30, 900.0, coolFactor='0.03', startTemp='500'
31727.57350021148, 17.43622370807119, 339, 30, 900.0, coolFactor='0.03', startTemp='500'
31755.125452573542, 17.46597585117116, 340, 30, 900.0, coolFactor='0.03', startTemp='500'
31762.935641343836, 17.43765976002489, 341, 30, 900.0, coolFactor='0.03', startTemp='500'
31762.935641343836, 17.43765976002489, 341, 30, 900.0, coolFactor='0.03', startTemp='500'
33212.49069010025, 17.601157131947968, 342, 31, 900.0, coolFactor='0.03', startTemp='500'
33213.591925489956, 17.553052403836485, 343, 31, 900.0, coolFactor='0.03', startTemp='500'
33329.76928427215, 17.581880620052647, 344, 31, 900.0, coolFactor='0.03', startTemp='500'
33330.42485191818, 17.532818843316342, 345, 31, 900.0, coolFactor='0.03', startTemp='500'
33405.19746019836, 17.698251760763927, 346, 31, 900.0, coolFactor='0.03', startTemp='500'
33405.19746019836, 17.698251760763927, 346, 31, 900.0, coolFactor='0.03', startTemp='500'
33742.64660051445, 17.677197034489524, 347, 32, 900.0, coolFactor='0.03', startTemp='500'
33743.443480759655, 17.62869037704906, 348, 32, 900.0, coolFactor='0.03', startTemp='500'
33744.45719435791, 17.581082993728725, 349, 32, 900.0, coolFactor='0.03', startTemp='500'
33752.252927094494, 17.553124850136893, 350, 32, 900.0, coolFactor='0.03', startTemp='500'
33753.528092890774, 17.506748898416504, 351, 32, 900.0, coolFactor='0.03', startTemp='500'
33754.21690943817, 17.458970681510188, 352, 32, 900.0, coolFactor='0.03', startTemp='500'
33755.081796914135, 17.411961947216867, 353, 32, 900.0, coolFactor='0.03', startTemp='500'
33847.714406857755, 17.384826423758167, 354, 32, 900.0, coolFactor='0.03', startTemp='500'
33875.99751461532, 17.41552580779707, 355, 32, 900.0, coolFactor='0.03', startTemp='500'
33886.85272348907, 17.397097951240752, 356, 32, 900.0, coolFactor='0.03', startTemp='500'
33964.21364749458, 17.565063850552427, 357, 32, 900.0, coolFactor='0.03', startTemp='500'
33974.490374694135, 17.54470536828707, 358, 32, 900.0, coolFactor='0.03', startTemp='500'
33975.27970279243, 17.49803300820353, 359, 32, 900.0, coolFactor='0.03', startTemp='500'
33983.00357473877, 17.470882560809454, 360, 32, 900.0, coolFactor='0.03', startTemp='500'
34056.619458804395, 17.6264088807674, 361, 32, 900.0, coolFactor='0.03', startTemp='500'
34057.27140940216, 17.57951811202982, 362, 32, 900.0, coolFactor='0.03', startTemp='500'
34084.59003175285, 17.606347600290597, 363, 32, 900.0, coolFactor='0.03', startTemp='500'
34085.79817713287, 17.561297594190954, 364, 32, 900.0, coolFactor='0.03', startTemp='500'
34085.79817713287, 17.561297594190954, 364, 32, 900.0, coolFactor='0.03', startTemp='500'
35268.08011994399, 17.53462171750526, 365, 33, 900.0, coolFactor='0.03', startTemp='500'
35346.17389564872, 17.48849741943547, 366, 33, 900.0, coolFactor='0.03', startTemp='500'
35356.43981151938, 17.468817360719477, 367, 33, 900.0, coolFactor='0.03', startTemp='500'
35357.66731911063, 17.424683366780695, 368, 33, 900.0, coolFactor='0.03', startTemp='500'
35385.014330438375, 17.45157314445268, 369, 33, 900.0, coolFactor='0.03', startTemp='500'
35385.821271232366, 17.406587651613595, 370, 33, 900.0, coolFactor='0.03', startTemp='500'
35460.0996060884, 17.559880770762977, 371, 33, 900.0, coolFactor='0.03', startTemp='500'
35467.80972080588, 17.533402905028353, 372, 33, 900.0, coolFactor='0.03', startTemp='500'
35495.4771059072, 17.560571758101517, 373, 33, 900.0, coolFactor='0.03', startTemp='500'
35496.59450703025, 17.516606061216343, 374, 33, 900.0, coolFactor='0.03', startTemp='500'
35497.45805125594, 17.472197896321614, 375, 33, 900.0, coolFactor='0.03', startTemp='500'
35571.85417371154, 17.623591312702665, 376, 33, 900.0, coolFactor='0.03', startTemp='500'
35571.85417371154, 17.623591312702665, 376, 33, 900.0, coolFactor='0.03', startTemp='500'
36593.58019347602, 17.604251327818204, 377, 34, 900.0, coolFactor='0.03', startTemp='500'
36594.252630905445, 17.559458169356855, 378, 34, 900.0, coolFactor='0.03', startTemp='500'
36667.45450039321, 17.706271919537347, 379, 34, 900.0, coolFactor='0.03', startTemp='500'
36727.29078019293, 17.68728501922206, 380, 34, 900.0, coolFactor='0.03', startTemp='500'
36727.94120157393, 17.642568841693908, 381, 34, 900.0, coolFactor='0.03', startTemp='500'
36735.614908105454, 17.616472343499748, 382, 34, 900.0, coolFactor='0.03', startTemp='500'
36736.731105214676, 17.57339068492461, 383, 34, 900.0, coolFactor='0.03', startTemp='500'
36737.529351121506, 17.529705412064988, 384, 34, 900.0, coolFactor='0.03', startTemp='500'
36766.33658660086, 17.558997697954055, 385, 34, 900.0, coolFactor='0.03', startTemp='500'
36774.15294254454, 17.533757693409303, 386, 34, 900.0, coolFactor='0.03', startTemp='500'
36784.70018304022, 17.515704677394503, 387, 34, 900.0, coolFactor='0.03', startTemp='500'
36785.8145521942, 17.473433194086724, 388, 34, 900.0, coolFactor='0.03', startTemp='500'
36785.8145521942, 17.473433194086724, 388, 34, 900.0, coolFactor='0.03', startTemp='500'
